25868588023809
624346510917633
57166014709761
44989782425601
30562987278337
168946833555457
24842090840065
134196253163521
296438642769921
85899391560
3951369957960
352187363912
30064816712
115964162632
47244685896
124554097224
88008174907976
317827625544
44989785898324
36923837316436
134196256636244
352188787474
47246109458
317829049106
1088890173652999
81604378631
5522331510243335
1747239940653063
19791209299975
16978787405135879
5913190714048519
3675993789169671
35094177775623
74702366179335
109044924678151
85899352480
3951369918880
28174985468320
47244646816
197568502176
604757165221382
698516301293062
777973196128267
1511295912247307
275788440010763
19791209299979
265519173206027
588728347131915
28174985461771
1863341496598539
1494468230381579
1544135232192523
1693982346182667
1735063708368907
14074607829003
4205155234873355
58999965745163
23246042338164747
9375913607179
38839389257739
126942053400587
5245203040436235
57166014709771
1177383679819787
167503724555
1530610380177419
1366126017642507
33470680137739
35094177775627
179585467547659
4988772018028555
140376711102475
7429962709598219
525381874483211
2062915741941771
7503307866123
541195944067083
227633266699
44989782425611
3407889045651467
1033652599259147
1187519802638347
2667200460619787
639602234753035
3553368177901579
1876690254954507
1747239940653067
30562987278347
2213673388998667
1675896238899211
600393478307851
2646481538383883
65446711656459
14907831484427
113739323932683
36923833843723
296438642769931
2314059659608075
25868588023819
1782127959998475
513871362129931
140531329925131
14721318234619915
363319873503243
1294374293995531
217926640599051
2076865795719179
1081588729249803
1991460371038219
1430224109579
131116761612299
24842090840075
897648164875
661205920251915
140565689663499
134196253163531
109044924678155
1158296845156363
143245749256203
2019931709243403
575469783089163
29094108463115
945756093546507
4077796569645067
3762958286979083
1670287011610635
300497386864651
483647677267979
796733613277195
46291157516299
1623497637899
1521247351472139
625269928886283
489626271755
157887292768267
458122686627851
2279047086211083
19529216294923
2826075596522727
779042643641575
248691491996903
2820792786748647
44989782760403
389330195782611
36923834178515
124558793186
317832321506
197569360297
3713776617337257
2736087441717365
47245277301
7189775890549
18829136630048
6330781798688
81604378643
85899345939
30064771091
124554051603
167504570223
513871362129940
81604378644
3561361112039444
28174985461780
748617094660116
241390046937108
1187519802638356
74702366179348
897648164884
134196253163540
1693982346182676
115970378251
58999972006411
47250901515
30066001977
47245871161
167503790639
419403556907799
2062619389651735
3336678488660657
14240170231633756
44989782436576
24842090851040
134196253174496
2062915741952736
85903495283
352191467635
47248789619
317831729267
19791209299995
16859705141887003
28174985461787
74702366179355
25868588023835
95202245083163
14074607829019
1081588729249819
1417584020815899
58999965745179
1430224109595
16995185590299
5179309652181019
134196253163547
9375913607195
147330263154715
1188138277928987
624346510917659
945756093546523
167503724571
4083152393863195
18599540558921755
35094177775643
796733613277211
11918534246427
2062915741941787
106815836651547
7503307866139
227633266715
458122686627867
1033652599259163
3688255920799771
19529216294939
2667200460619803
85900551127
30065976279
352188523479
115965322199
47245845463
8297878021079
3539054257111
12871145110747709
2062619389678577
111669149722
197568495642
1284736387682422
72395968741405
965706216636445
4869556610793501
61392262529053
391022412562461
618900492386333
241390046937117
1729458776047645
118725780963357
14074607829021
3398178124595229
624346510917661
167503724573
9484778143219741
3762958286979101
389330195447837
4469549126647837
35094177775645
483647677267997
179585467547677
9066675961885
46291157516317
1521247351472157
227633266717
108671262523421
531154310529053
4294967324
115964117020
47244640284
197568495644
124554051612
120259084316
317827579932
115964119175
9375913609351
30065572650
44989782453787
36923833871899
134196253191707
167503798389
47249009579
167503867572
30068888420
317831697252
33882996998183
7827234299576359
243404386598951
155911607812135
1218108559720487
1494468230381607
47244640295
3539053051943
52402895978535
7030861463591
3816593838571559
3632163647914023
510873474957351
1579697561403431
17490691672244263
6368019160760359
283875863429159
12872016986151
115964117031
1411772930064423
1539573976924199
2006857828794407
399569397481511
87196426043431
317161859973159
210758340182055
614300582412327
31679678775335
167503724583
1882544295378983
79375290597415
142047453380647
617259814879271
3582350617215015
3406755174285351
236223201319
85203561218087
4222992234053671
3747410505367591
17716740096039
1527324730196007
20506518923247655
21255793147943
1091535873507367
419403556454439
20558840214847527
6087197019078695
317827579943
13877039333415
999159716904999
32654636351527
99239514341415
13778255085607
817774658060327
1412296916074535
790699184226343
375491810820135
94081258618919
514442592780327
202967269507111
1072290125053991
7891409700913191
2327910929137703
491370028466215
337726163386407
505015139565607
1982123112136743
98204427223079
493921239079
19998600385789991
381942851698727
489626271783
1982127407104039
388909288652839
1194799772205095
1272598809804839
543545291178023
1740174719451175
1643649624440871
1848004168384551
7102570237526055
235574661218343
44328357462055
15882789060647
218162863800359
15899968929831
657129996327
2356609900609575
82106889797671
93875100188711
1540076488097831
347673307643943
15822659518503
18080841653551143
3863258658242599
203736068653095
3590979206512679
860230409781287
482346302177319
1465507265904679
1846299066368039
3632515835232295
38315403247655
1032896685015079
928911231811623
14813342203943
1774156500697127
249889787215911
1469067793793063
831484193669159
527641027280935
8183055160180775
5036042428088359
117347096461351
11734056811102247
8461085573159
349056287113255
569250670444583
739593368371239
732768665337895
8085748381122599
6229811408142375
328917185462311
1114157466255399
3365343099617319
1419637015183399
1249582080065575
1540377135808551
5251490872557607
906238099495
5587580653404199
3693169363386407
255855496790055
58050777972775
34222299414567
739485994188839
213588723630119
9315784065063
490867517292583
140677358813223
1735493205098535
9484778145428059
167503757617
19201042143262527
3530465183400
30066837160
47246706344
317829645992
4469549127688456
124555092232
604757165243212
5296368985833518
66623532695598
7369682843598894
85899387733
179585467589461
328917188927263
8211980934943
85902810911
9484778146684703
30068236063
352190783263
115967581983
8297880280863
47248105247
38517270175519
124557516575
3539056516895
317831044895
33882997288534
27917287714390
30562987568726
85203561508438
108671262813782
115964407382
248386548952662
47244930646
3539053342294
1247215553375830
124554055967
18824841662751
283532270458755
30069184387
115968530307
47249053571
47248750024
317831689672
167504558625
4296011809
167503724599
28166395533726
115964123550
227633266741
115964117045
213477054602879
173950470577791
1751212785524351
28174985584255
766428324159103
325786154425983
1430224232063
19529216417407
11918534368895
1284590358794324
30065315044
47245184228
7874208358726029
3343773774635301
33883001292654
47248934766
19529220589422
317831874414
317830169923
33883001636275
47249278387
3539057690035
1782127965027926
13365943254614
30069800534
8297881845334
47249669718
124559081046
3539058081366
317832609366
352189971911
47247293895
115968845481
65446716384937
47249368745
3539057780393
317832308393
1567972301050384
924002084289906
1677545506438514
2055627182538098
3747401915530610
167503822194
10905394411044210
1947333877136754
4988772018126194
1187519802735986
2055481153650034
20529385329229170
65446711671686
47244655494
197568510854
15577846389222
28475633179110
317829438695
167505141830
716963185688650
72395968741450
1829900881231946
167503724618
389330195447882
35094177775690
483647677268042
1414057852665930
18824841658442
1693982346182730
2314059659608138
535810055077962
99651831201866
4205155234873418
250173255057482
1033652599259210
3116737507622986
120259084362
140565689663562
897648164938
2667200460619850
51118706146037
124559440629
317832968949
30067252304
115966598224
47247121488
317830061136
8306509702070970
217926640599122
28174985461842
471501509754962
35094177775698
1527324730679526
2076865796202726
47245123814
2298121036507681
53961969260893
124554205533
661205920405853
6330783064482
352188588450
30066041250
47245910434
124555321762
317828850082
352188874131
30066326931
47246196115
317829135763
30066788493
352189335693
115966134413
47246657677
317829597325
13365944236399
317833591151
47248829147
167503746449
57166014709856
30562987278432
525381874483296
296438642770016
109044924678240
13365942914044
3530467806204
317832268796
53433688173442
188574834142082
143245749264911
44989782434319
36923833852431
1327151010408
30070887016
47250756200
3539059167848
167505561906
317829395961
143245749278084
44989782447492
36923833865604
134196253185412
624346510917748
9861004393447540
7163447103979636
19791209300084
28174985461876
4469549126647924
33470680137844
36923833843828
611556098310260
155340377161844
112266150150260
7607091455852660
33818572488820
112257560215668
4170439014219892
7503307866228
284696202182772
28166395527284
108671262523508
5179309652181108
19529216295028
24842090840180
109044924678260
122397978001524
283532270328616
30069054248
47248923432
124558334760
317831863080
106815836651635
489626271859
167503724659
1310514781094003
589724779544691
28011776704627
864078700478579
1548297055916463
1778661921804719
7102570237526130
167503724658
30064771186
47244640370
317827580018
3405909065842
7189775253618
9101035700338
493921239154
489626271858
6330781794418
124554051698
906238099570
47248099048
124557510376
317831038696
47248749977
53961969681702
2468566813689126
1991460377152464
317833694160
167504129710
167504107236
33882997363415
27917287789271
1568826999542487
30562987643607
30065136343
85203561583319
115964482263
47245005527
1430224474839
3539053417175
945275057429433
124554271673
143245749644762
44989782814170
134196253552090
13365944415929
47250831033
88008181053113
317833770681
30068707955
115968053875
47248577139
8297880752755
124557988467
1465507269841523
317831516787
16999484494451
3530467314719
349056291310623
47248837663
3539057249311
317831777311
325786154379341
197568571469
115968722027
47249245291
5296368987066629
197569728773
298079326167179
30070661259
124559941771
317833470091
1693982346577067
317827974315
3530466753160
47248276104
317831215752
167503724697
1715646161622406
13365938676490
352187769610
5927055319818
20177756807946
115964568330
47245091594
1430224560906
317828031242
47248172624
317831112272
549906137871395
167503746401
85900165449
30065590601
352188137801
47245459785
317828399433
47249121910
317832061558
47245179868
2317615893068764
27754078673214
140531329925271
2624413996997723
2804613657598
4294980606
126942053413886
213477054493694
156053341746174
1327144907774
53961969120254
57166014723070
412316873726
12678743471102
57183194592254
47244653566
51823075406846
796733613290494
383059543208958
1118654297027582
30588757095422
115964130302
30580167160830
47247912634
8297880088250
124557323962
317830852282
47248081653
317831021301
317831071000
167503924832
419403557615939
4988772019190083
9066675963967
963442768904108
47244672940
197568528300
140376711135148
3539058931036
317833459036
47248328678
317831268326
47250122758
112266150176283
1410450080465612
1417584021144268
167504570305
4170439015190782
1736047256282868
112257560241689
47244666393
167503733465
18420242858471709
763726789785243
30064948891
21921513256603
168951128700571
197568673435
115967525875
47248049139
317830988787
13365938588485
267567872969541
1560503352920901
30067226451
115966572371
47247095635
317828974337
167505629810
106815836658020
541195944073572
11944304056676
44989782432100
95202245089636
108671262529892
1430224116068
19529216301412
167504897089
47250649435
1526671895522432
47244995712
1527964680678528
9101035700424
858993459400
1571958030536
197568495816
21921516318662
1675896239289400
1963268206074370
20113692629103948
216629560526086
115964167430
283532266412571
47245007387
74899934692383
47244657695
858993461319
489626273863
588728347134023
3688255920801863
284696202248942
47244706542
140531329957840
1571958063056
197568528336
3405909098448
648540094416
864078700758101
30065354732
2022930180076
115964700652
47245223916
124554051793
897648165073
317827580113
1056003609098048
1056012199032640
1133008077748032
1056016493999936
47244670784
131116761642816
1165774383249216
955166366922560
8211977502680
13365938257880
2092396397494232
115964149720
140565689696216
317827612632
493921245562
28011776711034
30067869714
47247738898
317830678546
489626271955
167503724755
15577846753656
47245011320
124554422648
5779234980399151
1670743623727
44989782467478
71781788459926
134196253205398
2062915741983638
74393132656737
317831702625
624346511062999
51118700902359
115964262359
124554196951
85901799079
47247093415
317830033063
106815836796884
143245749900987
126942054045371
1746681595549371
525381875127995
296438643414715
30067321321
317830130153
1379994467362585
47249375399
124558786727
47244651034
124554062362
46291157527066
167503726713
21921513841985
3277923336037697
8211981051048
30068352168
115967698088
47248221352
317831161000
389330195452362
47250014610
317832954258
167503757298
30069279217
317832088049
53961969644322
2308020936127266
47244644803
197568500163
19529216299459
47246547630
317829487278
167503781216
317831870506
1033472216402957
8211983240205
298079326047245
53961974877197
29686819720205
30070541325
47250410509
1729458781817869
3539058822157
88008180632589
317833350157
2076865801489421
115969887245
8297882586125
124559821837
317832026018
84993107840333
2147698396384589
47244660045
85903871985
317832105969
13365938264488
30064810408
168946833594792
3337786590223283
2844750113708457
2114923500968361
945275057248681
779042643024297
763726789646761
14074607868329
1033652599298473
766428324075945
1430224148905
140565689702825
13365938573110
53961969454902
167504072502
20506518923595574
115964464950
1494468230729526
197568843574
3530467555733
317832018325
1544135232552034
47245219190
3539053630838
2337394217471449
1971411464244697
44989782428057
19529216297369
1295177453181429
33883001436546
30069209474
115968555394
47249078658
317832006354
85900641166
30066066318
352188613518
115965412238
47245935502
317828875150
317830225627
21895744057696
1177383680602464
250113126297952
137335875039584
1430224892256
12871145108533600
2753074819424
14907832267104
38839389266771
47244649299
1670742287187
5118029058801973
250052995973429
126942053400885
1033652599259445
1746681594904885
352191806074
115968604794
3539057539706
317832067706
1085346825886494
47248551683
317831491331
47247520616
317830460264
30067842017
317830650849
33882997202639
10196252565199
4295171791
179864640626383
82029580590799
232903191764687
1061179044863695
31679678979791
14100377837263
1668895442411215
47244844751
878299337400015
14319421169359
13877039537871
313704411504335
616830318354127
25203997669531343
44989782630095
82218559151823
248386548866767
25204001964498639
24842091044559
2006857828998863
134196253368015
47248987301
317831926949
47248857170
317831796818
317833474073
310375811710770
541195944327529
2082221620197737
275788440271209
19529216555369
2770314038358195
21921515974835
541195944193079
53961969232951
47244766263
138740328594991
47244672559
124554083887
167503744382
3763314770140855
115964993207
115968201591
47248724855
3539057136503
317831888328
283532270330298
47248925114
317831864762
47247223563
317830163211
47247474995
317830414643
21895744072466
4184736961145618
131116762409746
298079326192644
317833495556
9101036558963
115964975731
3688255921658483
167503728669
167504080152
717104919964952
115968019727
1327145860906
47245606698
53961975286946
15577852562594
29158539152546
115970296994
58999971925154
47250820258
317833759906
21921513805496
13365944234181
1991460377047237
47250649285
14319426973893
317833588933
1276064848709779
124047245740179
167503978687
30066896229
115966242149
47246765413
30068088448
317830897280
1871416035550731
124554487307
13365938425754
20164871655322
861579029712794
7607091457623708
5118029059993298
250052997164754
6330782985938
1677545506731448
419403556844984
317830748087
317830676759
1425710098948908
1677545506349868
38517266719532
168951128523085
115964117325
47244640589
1430224109901
197568495949
317832094345
1829900881656402
30069244405
47249113589
317832053237
5913190715425284
124555428356
262091789364831
10879152163301
115964119525
143245749761326
422173810865454
4150836783985966
147330263659822
2213673389503790
84993108325678
10879152665902
525381874988334
2486502597047598
25868588528942
138740329067822
29158533477678
58999966250286
1430224614702
2497798361036078
19529216800046
24842091345198
5314729971529006
30065209009
47245078193
167504266553
2414119513244985
317831843793
15577851617175
14100382867351
47249874839
85899346298
47244640634
124554051962
624346511440237
30562987800941
862180325456237
168946834078061
1991460371560813
1729458776570221
5522331511529096
30066056840
352191309077
124558042389
317831570709
109083579463824
343666103236752
5295694676334
140531329925486
858993459566
143245749289077
44989782458485
134196253196405
352189118909
115965917629
47246440893
317829380541
38517266719496
85899374418
122397978029906
47246778595
1511295912599172
53961969458820
124554403460
47249230126
737823841845650
21921513735551
2820792786748799
30069547694
47249416878
317832356526
1227866725702845
3530467811564
47249334508
22653809302993797
143245749265388
57166014718956
30562987287532
28174985470956
15577851758704
30070147184
47250016368
1033652599632316
8211981359413
29686817839413
16705107797956917
5779234979053957
38839389258117
17437567222149
167504624029
188574834480933
19529216677669
1602542492823937
53961969480065
2820139951436161
124558752115
317832280435
15577851427689
30069816169
47249685353
124559096681
3539058097001
3530466586065
317831048657
3688788497603311
47248892427
124558303755
317831832075
124558752122
317832280442
115968811218
47249334482
3539057746130
317832274130
53961975250062
298079326420110
317833723022
15577847249055
58999966611615
47245506719
85903499928
115968271000
124558205592
317831733912
53961969347610
1327145135130
30065011738
168951128763418
383635069053978
47244880922
3539053292570
317827820570
7189775494170
2147698396605466
1033652599499802
1602795895761946
115964357658
8297877056538
2407183140760602
124554292250
167504066588
124555767472
197570211504
7369682845314736
167503847395
1118654301106585
47248732569
143245749629339
44989782798747
168946833928603
134196253536667
44989782427974
24842090842438
134196253165894
8211981975618
1114157470761026
317832085570
334951614572134
85233626008965
115964136837
1527324730362932
717104919776308
168951128689716
8297876982836
4295483512
2217130838188152
124558108566
317831636886
44989782431857
188574834104433
1430224115825
19529216301169
167503857083
280590213519945
310375811717705
25868588024279
213477054480855
57166014710231
30562987278807
157887292768727
296438642770391
109044924678615
47245813080
525381875656024
317831623275
3530466614734
47248137678
124557549006
317831077326
47249032077
317831971725
47244666738
113739323959154
47248137676
317831077324
21921513692686
2636689013562894
234350595593508
9100017793029412
5861406293415204
8297876870436
1984274891214
47244640718
19515072972149327
28174985769927
1430224417735
19529216603079
27917292165159
47249381415
124558792743
372747327362966
639602235398038
2847958454884246
421224623232918
3121204274255766
1747239941298070
2820792786737046
1675896239544214
2646481539028886
309216171120534
3051350926153622
12375596076750742
155340377806742
2636689013594006
11717976454190998
1683665835382678
74899935319958
2319943765448598
284696202827670
1294374294640534
3031061500647318
2812632348874646
1430224754582
3116737508267926
24842091485078
143245749901206
716963186333590
575469783734166
17630505743275926
7329529194993558
26955927714912150
2852871897470870
141733921413014
3182776925411222
34862250186646
3147291905611670
112257560860566
2996736122017686
763726790252438
489115171280790
1033652599904150
2898033478588310
281672545851286
2597265508784022
2028049197905024
3539057249621
1294374294296890
167504055079
13365943235229
20164876464797
85203566228125
28174990471837
115969127069
47249650333
47248386698
149829934155845
253325761130659
334951614591139
47248031305
124557442633
317830970953
124557271703
317830800023
44989782443264
71781788435712
36923833861376
134196253181184
87196426210323
716963185855507
2019931709713694
4962856186519985
47245795761
3762958287855204
124554927716
1782127960053022
1677545506395422
173950470509854
489626326302
4205155234927902
15481596165543198
38517266765086
16705107794122014
317831889433
124554558779
2178385938201915
141733920801000
47248250308
317831189956
317831597121
8784165900072231
2235839715733884
276415505756540
2595474507380882
1327145498770
383635069417618
1974031394355346
47247904152
317830843800
317831944501
8297878689947
317829453979
15577850153438
352191089118
115967887838
317831350750
458122686734505
115964223657
317831085978
30065876117
115965222037
47245745301
33882997528776
10196252891336
4295497928
179864640952520
82029580916936
1061179045189832
14100378163400
1668895442737352
47245170888
88008175392968
313704411830472
13877039864008
616830318680264
13365938755784
44989782956232
25204001964824776
2279047086741704
2006857829325000
30066724694
47246593878
17337808020412581
1526671895522733
53961969288080
115964298128
47244821392
317827761040
421224622685978
47244738330
317831293506
9101035837298
588728347268978
30068816138
115968162058
47248685322
317831624970
1527324730629811
53961969540787
2310254319017651
1863341497032371
143245749311175
44989782480583
24842090895047
2279047086266055
134196253218503
2062915741996743
8813960088211520
30066276616
317829085448
15577852438985
115970173385
47250696649
115967249385
47247772649
317830712297
6570960661993537
1327149584388
85904035844
115968806916
47249330180
167505207214
3539056133797
47247844992
317830784640
47246604101
317829543749
186809602583015
47244890290
140565689913522
317827829938
2770314041738310
21921519354950
74393132100378
317831146266
317830782335
16326974578360852
12540127683281428
19791209300500
84993107821076
28475633173012
65446711656980
113739323933204
25868588024340
1984274891284
5295694676500
29158532973076
58999965745684
1430224110100
105948253258260
407609576260116
12708808229396
143245749256724
329685984608788
422173810360852
147330263155220
14200626464424468
11944304050708
945756093547028
318931386499604
10879152161300
12434926754333204
763726789607956
44989782426132
138740328563220
458122686628372
18230392414798356
33882997399443
30065172371
47245041555
3530466687537
317831150129
317832490459
33882997008619
4294977771
616830318160107
13365938235627
31679678785771
44989782436075
14100377643243
197568506091
53961969804676
2996736122070404
21921513776516
3407889046444917
124554845045
15577847802504
383635070233224
47246060168
317828999816
737501719469761
124554223297
30067436409
47247305593
317830245241
53961969172526
47244705838
33883002544108
1327150440428
47250186220
124559597548
3539058597868
115967381013
47247904277
317830843925
924002084407392
419403556669536
33882998171372
1747239941059867
30065177883
167508499090
1494468235156114
13365938232268
85899353036
30562987285452
383635068820428
47244647372
1686655132368385
2055627182445397
167503729493
3029553967186781
57166014716864
30562987285440
157887292775360
796733613284288
109044924685248
30541512448967
30065098778
13778255413274
115964444698
47244967962
317827907610
30065772719
16999481559215
85233625989751
18444780002345591
19713341542892151
19920620959564407
588728347132535
28174985462391
2526806569648759
17595445924594295
25868588024439
1425710098940535
284696202183287
14920441508397687
14074607829623
21148337361126007
19023007154438775
1430224110199
21719649616503
2317615892529783
19062791436501623
7752115321569911
173950470455927
21401822036599
188574834098807
1880925092708983
875941400150647
18955043591946871
11918534247031
10905394410947191
108671262524023
19529216295543
23819734004793975
317832261202
1984277137484
15577848629324
5927057115212
47246886988
30068658770
115968004690
143245749263314
126942053407698
213477054487506
1602542492457938
57166014716882
30562987285458
796733613284306
30541512448978
296438642777042
525381874490322
25868588030930
625269928893394
157887292775378
766428324043730
1746681594911698
109044924685266
363319873510352
140565689670608
10905394411302449
47244996145
47245316959
2314059659620628
2320394736382228
1602542492463380
57166014722324
618900492398868
1863341496611092
179585467560212
1746681594917140
1729458776060180
47249139066
124558550394
317832078714
11944304052957
115964119773
47244643037
167503811970
1984274965009
2022929670673
47244714513
21401822040951
47244645239
30066620480
47246489664
317829429312
85899734814
1670287011999518
167503771801
716963186275392
1683665835324480
112257560802368
33818573075520
284696202769472
30562987865152
157887293355072
14074608415808
1033652599845952
1430224696384
2308020936176704
281672545793088
24842091426880
19529216881728
155340377748544
141733921354816
115964186957
47244710221
300497386934605
30064851893
347123551910837
317831826187
115968183673
47248706937
47244643031
197568498391
11918534249175
167503803177
168946834736930
317831925345
3147291905699442
21921513811570
1329034680383680
47244949696
53961974979924
298079326149972
30070644052
29686819822932
47250513236
3539058924884
317833452884
1782127965871444
13365944098132
2107583407693140
352193191252
115969989972
8297882688852
124559924564
47249366900
317832306548
3771367833822730
1074278694916975
167503779393
47247809728
317830749376
167503734865
173950470462208
624346510924544
4205155234880256
1227866725423872
3951369984315
309216170547515
419403556857071
1729458776450287
2199375443382354
498216348725
85899488309
30064913461
115964259381
47244782645
124554193973
19529216437301
85901010856
115965781928
47246305192
8297878480808
317829244840
21921515807088
47247368560
167504273235
47245809003
317828748651
4205155235852433
2812632348884499
47245295123
115964430103
124554364695
317827893015
143245749256845
126942053401229
213477054481037
57166014710413
30562987278989
157887292768909
29158532973197
1430224110221
796733613277837
3116737507623565
296438642770573
109044924678797
6722585892479528
197570060840
2395960391533341
2753074037377
15577850702739
115968437139
8297881136019
47248960403
30065188878
47245058062
115965216344
4721680887891544
705259406044132
8211983707108
47250877412
167504154419
6434071464303553
2021439243234941
10905394413485670
419403558993510
30069302916
47249172100
124558583428
317832111748
143245749286150
44989782455558
24842090870022
134196253193478
124555574849
6542373359664705
30066606891
47246476075
317829415723
167506456592
47248451424
124557862752
317831391072
30068183199
317830992031
2646481539000054
7189775869686
167505607154
47247592073
317830531721
35094177811303
864078700514151
9375084680662679
1310514781381658
6448575568865522
1327149818445
30069695053
47249564237
13877044257357
2236818968277600
21719649620929
124554056641
1729235438150843
317833808368
1560503352939627
1430224491627
167505025504
422173810458615
168951128621047
47247844979
13764236315518579
317830784627
19314266071146041
317832076857
1677545511224115
8297881699123
317832463155
3147291904971760
763726789612528
1735665003795440
3116737507628016
140376711107568
2636689012954096
30068154153
47248023337
47245483638
317828423286
17766961152728821
47248228132
317831167780
21895743280106
197568500714
250113127947009
30067202817
317830011649
535810055202641
3951369917423
21917218116591
47246645081
317829584729
21895743280101
250052995978213
4170439014224869
3392899609793509
3688788496749541
4205155234878437
20255065773029
85903691526
317831925510
298079326284554
30070778634
47250647818
317833587466
389330195448630
13365944119817
8297882710537
317833474569
19791209304576
47244644864
2844750114337923
34862249569542
328912890522886
250113125543174
9484778143247622
4205155234901254
3688788496772358
33470680165638
120529667255558
38517266738438
1227866725444870
11918534274310
20255065795846
47248468712
124557880040
27917292448798
5927059893278
3530466634158
352190835118
47248157102
317831096750
2483646443291448
167503725368
2468566813115192
483647677268792
2308020935590712
1187519802639160
897648165688
9734517608846718
85899435108
383059543284836
115967553089
47248076353
15577846389381
29158532979333
167503727541
3530466622807
317831085399
15577847987619
115965722019
47246245283
12708808231823
15577846385551
716963185708878
167503744846
1033652599279438
115964193753
47244717017
124554128345
1984279634224
13365942968624
47249383728
13365944159103
47250574207
317833513855
20619583942115687
8211977746587
1188138278205595
115964393627
197568772251
8211981307262
47248477566
126942053403528
57166014712712
157887292771208
296438642772872
109044924681096
15577851904667
30070293147
47250162331
3539058573979
47248995558
124558406886
317831935206
15577850980814
47249238478
2067532832266345
3269341991378291
3987082565387033
965706216637209
140531329925913
317830361721
3539057512408
317832040408
167504517741
1032896691092501
317833657365
1327145569215
21921513753535
383635069488063
2852871897500607
47245315007
317828254655
47245202337
2414119513265057
2327910929699745
47245318799
2914319994608271
317832941777
236150191224210
317831968146
34862250204724
383635069476404
168951129185844
47245303348
317828242996
5018914099680429
357912509760901
3530464875123
317829337715
1500824782329086
1101732126124549
4298684972
419403560172076
15967296840841772
1670287017867122
2147698402333073
47250608529
317833548177
317830055631
124556781622
317830309942
115968361148
124558295740
317831824060
167503957179
8211980163711
317830273663
20255068461695
47250517811
317833457459
10897285515228934
85901883142
3530467649398
47249172342
317832111990
47246271839
317829211487
28174988935696
115967590928
47248114192
124557525520
389330195468094
861579029516887
95202245105302
47244662422
44989782430298
36923833848410
134196253168218
1494468235754060
47250012748
317832952396
53961969676710
2447126336942502
2213673390236088
47245877688
143245749289544
33882997031496
4295000648
232903191593544
31679678808648
14915236008067656
14100377666120
6674898869060168
480903193199176
37447819887176
57183194612296
47244673608
236150186869320
14319420998216
82003810615880
82008105583176
88008174895688
616830318182984
94025424077384
44989782458952
82106889830984
82218558980680
20177756389960
134196253196872
75866302349896
20164874701798
47247887334
3398178125386400
124554842784
15577847511983
47245769647
317828709295
1311670127601909
2066785507956774
115968238414
317831701326
47248607513
33882997202090
30064975018
14074608032938
28174985665706
47244844202
47246441356
317829381004
115964121708
20255065772652
317831450112
8211980577248
30067878368
317830687200
1778661921751083
1521247351826321
124554405777
53961969676672
85899915648
47245209984
167503851098
2228117364533878
2497798361112508
317828161468
2066785507956796
47245244979
2597265508743731
1074278695162125
47246390296
317829329944
317831915822
489627925440
167505378240
4869556611927254
47245774038
124555185366
317828713686
47248935947
14907835780107
1692732510788842
213477054569706
30562987367658
41626823122154
1033652599348458
8211979729617
1327147154129
30067030737
21921515338449
47246899921
317829839569
85901605585
352189577937
115966376657
8297879075537
124556311249
21874270698193
1670744537809
47245083207
1902460059173447
167503775339
44989782476395
36923833894507
134196253214315
657131901290
317829484906
1963268206164373
1576708264622485
18449891017722900
53961969738344
2711842351325800
383635069444712
47245271656
124558309810
317831838130
1410450080467273
406905201953097
1417584021145929
16740575637895543
120529667255711
3530467112680
30068766440
47248635624
317831575272
167507934318
167503771980
1602795899204430
47248323406
317831168366
15577849688933
47247946597
317831500456
234350597657707
28174985462680
1417584020816792
1430224110488
19529216295832
44989783979721
168946835109577
71781789972169
36923835397833
134196254717641
168951132227984
6229811408264661
13365938347477
2541473883086293
53961969229269
115964239317
47244762581
525381874605525
2497523483205500
317831195752
2804618037582
28174989855054
47249033550
30069205560
317832014392
317828666025
1783463695104011
1783588249155595
419403556730891
1187519802914827
2304919969738832
3530467705808
47249228752
317832168400
47250350726
124559762054
131116761858160
131116761858161
87196427437127
15577847776327
27917287901618
33818572966322
85899823538
30065248690
168951129000370
115964594610
47245117874
1327146504792
30066381400
21401823646296
115965727320
47246250584
30069101228
317829512970
13365944195459
124560021891
317833550211
4294975893
1327144903061
57166014718357
412316869013
30588757090709
30580167156117
47244648853
51823075402133
36923833852309
124555252587
317828780907
25868588089823
167503801126
53961969645728
47245179040
328912890571557
1425710099271853
87630217760691
30067868596
317830677428
14721318238047478
217926640649780
124554102324
131116761858158
137335874288872
8297876847848
197568527592
6144607848354941
115965405122
47245928386
124555339714
317828868034
53961969513625
383635069219993
1746681595311257
317829879436
2228581221001954
53961969625826
124554570466
317829417601
1425710103632244
30069463412
115968809332
47249332596
29094108469878
1726577024780
737823842017036
2838981973251594
8211981010168
317831120120
30068454151
317831262983
47244998194
30066244079
352188791279
47141562513903
115965589999
47246113263
124555524591
317829052911
317829991626
2041866107699473
2041870402666769
1093090651922985
188574834110617
2041866107699474
744197573485784
124554224856
3616461249408524
47246568972
124555980300
317829508620
12708812891070
15577851044798
115968779198
47249302462
47248343390
317831283038
47249504485
15577851986468
525381880087076
167505546964
8211979556668
352189404988
30066857788
115966203708
47246726972
124556138300
21874270525244
317829666620
47248084622
317831024270
167503760845
9861004395743368
74393132548476
30068785532
85900420073
30065845225
115965191145
47245714409
197569569769
47248737023
317831676671
8211983672985
383635075016345
57166014713043
44989782428883
36923833846995
134196253166803
352191822545
47249144529
317832084177
963442769275540
1194799772609172
1735665004194452
317831131198
21921517567759
131116761834680
29686820181740
317833811692
115965137650
47245660914
3539054072562
33883001094903
47248737015
389330199227925
47249187982
317832127630
143245749480511
2497523482848319
1294374294219839
862180325157951
29158533196863
1033652599483455
1746681595128895
140565689887807
2667200460844095
141733920992319
74393131953637
124557471205
317830999525
30069148020
317831956852
4474432505505145
28174985761842
47244940338
3539053351986
167504613164
1825713288544621
115966864323
47247387587
13365938228429
53961969110221
14074607832269
168951128526029
115964120269
47244643533
197568498893
124554054861
208941569019085
87196426705169
2842310572906769
47245302033
47249001916
124558413244
3539057413564
317831941564
2066785507956666
541195944627538
1033652599819602
2075229413660603
2067245069457339
2066781212989371
2067339558737851
2066785507956667
30068446945
47248316129
3987082566314555
3405909994043
126942053436910
57166014746094
30562987314670
157887292804590
296438642806254
109044924714478
5245203041657468
317829284231
47141564429177
317830968185
4295995578
1177383680093907
167503743025
8211982089032
298079324896072
53961973726024
30069390152
29158537591624
115968736072
47249259336
317832198984
317831531516
716963186229037
624346511458093
30562987818797
33470680678189
155340377702189
15913850264633133
141733921308461
1683665835278125
33818573029165
744197573852973
14074608369453
2506800612523821
2308020936130349
131116762152749
281672545746733
24842091380525
2304919969742637
1414057852995092
47245134843
2124234990521339
8211981859353
115968506393
317831969305
47246474664
317829414312
30069139314
47249008498
317831948146
317831900527
1527324730449495
1088890173906519
30065024599
7189775507031
3331859535353423
27917288027544
2592201742300568
383635069416856
1974031394354584
317828183448
53961969132246
108671262548694
124554076886
47245261262
2667200461240782
8211981675253
352191523573
317831785205
3539056012802
600393478447630
167508511272
317829477192
115968742407
47249265671
21895744133058
3383360488282050
250113126373314
4205155235731394
29158533830594
3688788497602498
88218629117890
33470680995778
3688255921657794
28011777562562
167503727775
44989782428831
134196253166751
924002084356462
250113125679470
588728347296110
16908783733342574
1729458776211822
1227866725581166
1782127960162670
1425710099104110
22912886020145518
1677545506505070
328912890659182
87630217904494
1294374294159726
4205155235037550
29158533136750
1991460371202414
58999965909358
140565689827694
1829900881396078
624346511081838
1530610380341614
9484778143383918
1751212785566062
15481596165652846
20255065932142
11918534410606
21895743439214
489626435950
535810055242094
862180325097838
1033652599423342
2414119512867182
38517266874734
157848638226798
27153268576780654
167503732147
2066785507958633
115967444648
47247967912
317830907560
363319873587824
8297876900464
47248995302
317831934950
6285688934126797
2780789461344541
167503727752
1991460371501881
47245103929
167503914947
143245749872795
213477055096987
126942054017179
1602542493067419
57166015326363
796733613893787
1746681595521179
525381875099803
296438643386523
2800456116648488
213477055183400
126942054103592
1602542493153832
2217130838374952
489115171338792
1735063709071912
1746681595607592
2447126337075752
134196253866536
525381875186216
8211980741121
47247911425
124557322753
317830851073
317830620185
115965043428
47245566692
13365944213847
298079326265687
47250628951
317833568599
4083152394813851
115965067675
16978787409089054
30068724254
47247077039
317830016687
47248945241
317831884889
2852871897490092
47245304492
15577847889689
47246147353
317829087001
167503974206
115964302496
47244825760
796733613462688
30068186831
317830995663
167503842127
87196426784440
1736047256283885
1731679274543853
167504186043
167503747409
167503813472
167504186044
489115170749657
47244754137
47248968899
124558380227
317831908547
2483646443790674
2736087441580370
140565690163538
250173255115656
47244698504
317827638152
47250805928
1729458782213288
317833745576
167504020844
1456552259431610
372747326804739
383635068900099
167504154816
1118654297078484
275788440074964
267567872670420
197568559828
33883001420182
27917291846038
30069193110
115968539030
47249062294
250113125573498
15577851569203
115969303603
47249826867
53961970854594
15577848130242
47246387906
3348751641732524
317829336166
3539057202337
317831730337
47244676424
155340377197896
250052996031340
1327144952684
44989788293863
2279047092079335
134196259031783
5295694677201
1571958031569
3405909066961
30067842574
124557123086
317830651406
866110220211129
1235962739075048
493921544168
1310514781399016
1735063708772872
21921513819742
3182390378450526
2321713291870102
389330195475174
115965403391
5525041635893503
143245755124456
44989788293864
134196259031784
74393132941894
47249048134
317831987782
124555856514
317829384834
33883001192671
30068965599
115968311519
47248834783
25868588072456
44989782474248
10879152209416
28174985510408
14074607877640
1430224158216
19529216343560
11918534295048
126942053430132
47244669812
85903888079
349056291655375
124558593743
3539057594063
317832122063
30067223209
115966569129
47247092393
147330263188991
15577846416895
115964151295
4483104044477788
3627967465710494
439074506772310
454450489691990
143245749565161
44989782734569
134196253472489
167504560634
4295018925
82029580437933
232903191611821
31679678826925
14915236008085933
41583873411501
6674898869078445
221744866576813
37447819905453
57183194630573
47244691885
236150186887597
81999515666861
14319421016493
218162863851949
313704411351469
94025424095661
13365938276781
44989782477229
82218558998957
1050471691241901
2804618142673
1425710103438289
2710128862161
85903844305
30069269457
13778259583953
115968615377
47249138641
50672024170006
1499089615541098
168951132272143
47248389647
13365944204542
124560030974
317833559294
317830922663
167503782726
317829666700
419403561234270
20529385333911390
47248524768
317831464416
167503751866
47250362988
2114923501421443
53961969599363
13365944300297
47250715401
3530467111374
317831573966
23145772031684222
2107583401832062
624346510929534
4205155234885246
124554065878
167503805815
317832005581
30580167735838
47245228574
639602235389042
1692732511335538
74899935310962
2319943765439602
248691491976306
309216171111538
256920649315442
131116762248306
140376711738482
134196253799538
383635070070917
47245897861
3442751295196169
14074607832073
167504508099
30066241411
6315057920503683
317831769635
2006484167106787
3530467173077
115968172757
236150190891733
317831635669
317832199103
8297877085559
1158296845426039
317832022973
2826075598636682
168951131293322
21921515849354
2820139953833610
47247410826
30068629302
47248498486
317831438134
317833518577
47247558515
317830498163
1430224487170
2062915742319362
12708808606465
143245749633793
422173810737921
147330263532289
19791209677569
59700045792001
84993108198145
65446712034049
36923834221313
525381874860801
20161547150410497
23886842869170945
138740328940289
29158533350145
58999966122753
16995185967873
317830716504
352188656587
47245978571
317828918219
106815836654632
2041866107227176
1829900881234984
625269928889384
30562987281448
1081588729252904
1560503352560680
14907831487528
140565689666600
1544135232195624
525381874486312
2062915741944872
3857138330743820
3561361112868618
85900175114
250113128571245
352190374253
115967172973
47247696237
3539056107885
317830635885
33882998106779
47245748891
167504128620
3530466745551
1571961658575
317831208143
47248312127
317831251775
84993107821918
28174985463134
618900492387678
309216170476894
58978490910046
14074607830366
29158532973918
58999965746526
1284736387384670
105948253259102
12708808230238
147330263156062
1188138277930334
167503725918
1499089615193438
878299337196894
2124234990028126
140376711103838
2062915741943134
525381874484574
1088890173654366
112257560216926
763726789608798
138740328564062
108671262524766
1033652599260510
2414119512704350
281672545207646
2304919969203550
639602234754398
717104919610718
30562987279710
248691491341662
1500824781981022
41626823034206
65446711657822
14907831485790
113739323934046
7607091455853918
2483646443291998
25868588025182
1692732510700894
74899934676318
87630217741662
2319943764804958
2076865795720542
149829934122334
766428324037982
1430224110942
131116761613662
134196253164894
716963185689950
3398178124596574
624346510919006
11944304051550
347123551831390
796733613278558
256920648680798
20255065769310
11918534247774
141733920769374
106815836652894
2320394736371038
744197573313886
625269928887646
489626273118
157887292769630
2279047086212446
19529216296286
157848638063966
2597265508140382
173619758013928
124554092008
1006237823243051
115968060514
317831523426
317832012912
30066176439
47246045623
317828985271
167503736745
328917189626196
3530467281236
298079324440916
85903509844
30562991442260
29686818113876
30068934996
8297880979796
47248804180
124558215508
218162867964244
317831743828
317830499854
3530467372655
47248895599
317831835247
30065252013
47245121197
3848642885430354
124554947666
25868588483423
2592201742156639
58978491368287
28174985921375
1430224569183
19529216754527
11918534706015
115965322894
21921513804456
167504083004
143245749723450
167504191802
44989782892858
878299337662778
24842091307322
134196253630778
167503773615
298079324823143
317832126055
13365938651209
1823342466596937
1829900881657929
47245066313
1118654297499077
2082221620422085
143245749263568
167503731920
44989782432976
2900292631416269
47245315533
88532160893061
197568516229
2235839715277670
18599540563252271
197572826159
15481596169093230
317831184494
26947084382878779
147983098195854
25591923416427448
47248731386
317831671034
47248586238
30065939125
115965285045
47245808309
317828747957
412320281976
115967538552
47248061816
1430224110948
115968157673
47248680937
1597100769258638
115964488846
639602234901943
47244789175
197568644535
72395968758232
124554068440
197568512472
317827596760
1876690255391447
777973196133423
13946093817566255
188574834103343
11566239553950767
28174985466927
878299337200687
14907831489583
11918534251567
23547166790259759
1984274895919
25868588028975
20363122850141231
2065625866310703
1081588729254959
24842090845231
134196253168687
317831896926
59700045428300
47244654156
44989782537569
134196253275489
13365938228623
47244643727
197568499087
14907831487887
47247603378
317830543026
1782127960413398
115964531926
317827994838
30066998062
124556278574
317829806894
1950559397932550
115964571142
33818572808947
115964437235
47244960499
124554371827
53961975373344
47250906656
13365938476979
1081588729501619
115964368819
47244892083
3530465578230
30067231990
317830040822
352187428052
471501509864660
14074608946862
250173256175278
317831129296
85203566257786
115969156730
47249679994
124559091322
33882997029389
10196252391949
4294998541
1061179044690445
14100377664013
1668895442237965
236150186867213
47244671501
88008174893581
13877039364621
313704411331085
616830318180877
25203997669358093
44989782456845
115964148237
82218558978573
30580167178765
248386548693517
25204001964325389
134196253194765
2006857828825613
15577847586048
47245843712
281672546409728
317828783360
25868588110590
85233626075902
987881133015673
47247870033
317830809681
168951129587965
47245705469
779042643166345
168951128704137
167503844322
218162868084329
317831863913
30069247273
47249116457
8211979397370
317829507322
2320394736909923
53961969647203
15577846922851
4184736961322495
167503815094
167504002730
1530610380455594
6330782650188
30065626956
3675993790025548
47245496140
8297876838479
97096325683279
21921519352939
2799253525754344
383635069465064
47245292008
143245749281653
25868588049269
44989782451061
36923833869173
134196253188981
3530467335352
30068989112
317831797944
115968198331
317831661243
47248311891
317831251539
8211983738164
53961975375156
30562993546548
29686820218164
30071039284
115970385204
123347172042036
47250908468
317833848116
1560503352619866
618900492530403
124554195683
422173810958017
147330263752385
2213673389596353
84993108418241
6369513809977025
6098475603795649
1033652599856833
58999966342849
2497798361128641
19529216892609
36923834441409
281672545803969
24842091437761
5401372346883777
8211980246618
47247416922
317830356570
3530466620217
317831082809
25868588035874
57166014721826
30562987290402
796733613289250
30541512453922
109044924690210
296438642781986
47246294436
317829234084
1712515130464351
2770314038343562
47247521674
13365942920380
115968812220
317832275132
124555933261
317829461581
2107583402310870
51118701247702
124554542294
525381875074933
15577851944181
168951134084341
115969678581
47250201845
118725780990971
124554079227
5118029058803138
489626273218
47249019202
124558430530
30068456843
47248326027
317831265675
47246273388
317829213036
1327147645800
21921515830120
167504083121
1327146988767
317829674207
88218628280380
167503805493
298079326549025
352193590305
124556924357
317830452677
1530610380533781
124554407957
317827936277
143245749926615
2800456116615895
126942054070999
421224623258327
1602542493121239
2217130838342359
1033652599929559
1746681595574999
24842091510487
2447126337043159
525381875153623
59700045417828
14074607832420
28174985465188
19529216298340
2599795244481664
47247785842
317830725490
317832422641
167504065759
143245749276683
44989782446091
168946833575947
36923833864203
24842090860555
134196253184011
47248994844
124558406172
317831934492
2378192111825652
3383360488211750
124554839334
30067881704
47247750888
317830690536
167503727993
3530466496658
317830959250
167504137622
85900296277
29686814900309
30065721429
352188268629
4081752235475029
3688788497694805
8297877766229
47245590613
124555001941
317828530261
115967901321
124557835913
30066927822
115966273742
47246797006
317829736654
85900397681
30065822833
47245692017
317828631665
343666103182134
3530465270756
317829733348
248691491398191
383635068871215
47244698159
197568553519
34862250383655
21895744117031
250113126357287
4081752235366695
88532161714471
3688788497586471
4184736961190183
2415833205216560
3539053614384
493921376346
589724779681882
3405909203034
47248588181
124557999509
317831527829
143245749259526
44989782428934
71781788421382
134196253166854
323020195440073
317831820243
2723309914008790
27917288058070
1033652599893206
115964751062
47245274326
167503983954
513871362249565
124554171229
3392899610578387
197569285587
3031061500708028
383635069519036
47244656969
71781788434761
167504083191
109044924703533
39496524577098
47249963338
317832902986
143245749325594
44989782495002
71781788487450
36923833913114
167504584427
85903062142
15961051958391934
30065569679
47245438863
85902241152
47247535488
47249019199
124558430527
18807416980427071
3530467409028
115968408708
218162868092036
317831871620
317830222547
317833595709
5179163624498796
115965322860
124555257452
2624413997028068
2494083214430948
6314177452207798
124555521718
317829910998
47249001536
47248008789
317830948437
27917291668594
15577850627186
115968361586
47248884850
47250665722
47247655680
88008177877760
3359635088863122
15577849302318
30067690798
47247559982
167504008157
131116761883716
626446750071232
167503726181
167504092346
167503843491
167507796913
8695397515977835
5927056893035
47246664811
317829604459
15917015658695793
124557757553
1240283476158472
8211983507925
53961975144917
298079326314965
30070809045
168951134560725
47250678229
1729458782085589
3539059089877
88008180900309
317833617877
13877045371349
13365944263125
862180330971605
352193356245
115970154965
157848644100565
2800456116655734
126942054110838
213477055190646
2799253525812854
1602542493161078
2217130838382198
2820792786802294
525381875193462
3147291905676918
489115171346038
1735063709079158
3116737508333174
2447126337082998
134196253873782
167504053248
24783047924886512
624346511158256
30562987518960
1729458776288240
20113692624661488
1782127960239088
1425710099180528
1677545506581488
328912890735600
862180325174256
250173255298032
1991460371278832
1187519802878960
16995185830896
157848638303216
167504162858
1366126017960572
3116737507686482
15577846390763
47244648427
35094177783787
167503868261
167504707786
317831453218
117536079518372
317832075940
143245749314024
44989782483432
134196253221352
47245743036
85900207809
115964978881
47245502145
124554913473
13365944547265
53961975429057
47250962369
3539059374017
317833902017
30069234624
317832043456
47246100416
317829040064
965706216861262
115964341838
124554276430
3405909290574
1670742502990
1623497643805
317831841920
47248346155
317831285803
124555933101
317829461421
317832489455
47246316988
317829256636
3338765842766999
44989782569217
878299337339137
24842090983681
36923833987329
134196253307137
47249218619
236150191414331
317832158267
4651075920496161
2826075596524109
131116761876087
85903719567
29686818323599
349056291486863
47249013903
317831953551
30068080215
7001737291948043
47248897214
317831836862
167504053370
167503908643
168951129185097
47245302601
34862253646554
21921517183706
1675896243004122
1390620216455363
47248127022
317831066670
3530465339667
85901568275
47246862611
317829802259
143245749675147
44989782844555
134196253582475
47248636887
317831576535
167503838950
34862249549749
383635068821429
167508380831
47248022512
157887292805017
30588757118873
47244677017
2844269078011807
317831663072
47247785113
317830724761
47244677008
157848638099344
352191691945
29686818323625
317831953577
1081588729747531
878299337693259
1746681595402315
24842091337803
134196253661259
11918534744139
2062915742439499
85899757069
15577846793741
30065182221
29158533383693
115964528141
47245051405
317827991053
2337394217386237
47248485096
47247333231
3852680154689534
167503728242
124557414383
317830942703
167503728246
33883001691201
8211982163009
13365942918209
30069464129
115968810049
8297881508929
47249333313
124558744641
317832272961
115964920561
47245443825
17593285556237334
965706216829974
3747401915626518
9861004393640982
588728347325462
28174985655318
1902460058924054
36923834037270
155340377355286
7607091456046102
1683665834931222
33818572682262
1375433211966486
284696202376214
1430224303126
5179309652374550
24842091033622
173950470648854
624346511111190
167503918102
33470680331286
140376711296022
141733920961558
489626465302
1033652599452694
19529216488470
122397978194966
147330266211109
47247696677
2804614904418
30066031202
115965377122
47245900386
124555311714
58978490922404
143245749275309
167503743661
44989782444717
71781788437165
5871142985587654
8297878182854
317828946886
1863341497136426
1629265779345871
47244653993
58999965758889
317829422741
317831506951
167503728228
30064795740
197568520284
105948253282396
13365944363730
8297882954450
47250778834
317833718482
143245749275291
44989782444699
71781788437147
36923833862811
134196253182619
44989782444692
36923833862804
134196253182612
167503836849
47248070886
124557482214
317831010534
143245749275285
44989782444693
36923833862805
134196253182613
13365939955075
85901075843
7429962711328131
44989782444694
71781788437142
36923833862806
134196253182614
143245749329232
44989782498640
167503965034
115964118739
167503940823
3050990148966108
143245749929718
2800456116618998
126942054074102
2447126337046262
525381875156726
167503918139
3530467312347
317831774939
143245749503267
44989782672675
878299337442595
24842091087139
134196253410595
2062915742188835
15577850184012
85903147340
47248441676
167503895155
53961970211803
30065875931
3426688118303886
8297877613710
197569293454
924002085642747
74702367629819
1902460060180987
20113692625871355
1692732512150011
1782127961448955
328912891945467
1425710100390395
81605829115
1677545507791355
513871363580411
2076865797169659
1081588730700283
2006484168090107
1991460372488699
120529668678139
143245750706683
1829900882682363
624346512368123
1751212786852347
33470681588219
878299338646011
2378192112722427
6434071464255995
250173256507899
1033652600709627
1187519804088827
2414119514153467
157848639513083
2304919970652667
283532266051463
25868588029831
3951369918343
47244646279
197568501639
208941569021831
2483646443868893
2147698396943069
352192653094
2319943765343738
2147698396904954
147330263158315
945756093550123
2006484166643243
1033652599262763
35094177779243
3338220381920280
317831831239
167504947252
352188609451
47245931435
124555342763
317828871083
47244793638
658770673948454
213477054744263
57166014973639
30562987542215
157887293032135
796733613541063
296438643033799
3338319166168111
173950470495797
389330195488309
47244680757
3530466736208
352190937168
47248259152
3530463207960
19559281156632
87127706657304
123347165864472
389330195538456
117536075112984
47244730904
124554142232
1437967935693336
317827670552
16235478890144280
47244700075
256920648739243
124557404457
317830932777
167503732512
21874270183453
317829324829
493921440224
99239514542560
1201031769952736
124554252768
1670742479328
153274498093536
864078700679648
1088890173654666
489626273418
1033652599260810
2646481538385546
167503838833
30066055550
115965401470
47245924734
30066164005
317828972837
47250620800
124560032128
317833560448
15577847803402
47246061066
143245749275335
44989782444743
134196253182663
317830989276
124554175253
531154310652693
30066426351
115965772271
47246295535
8297878471151
317829235183
143245749264081
167503732433
44989782433489
47248220972
317831160620
15577851795002
115969529402
47250052666
106815836653432
1692732510701432
21895743276920
1188138277930872
1033652599261048
6987134401513336
140565689665400
47247066895
317830006543
13365943745020
47250160124
124559571452
317833099772
317831097829
74393132513023
8211981448959
30068750079
115968095999
317831558911
173950470472617
250113125532585
1085346825651113
88532160889769
3688788496761769
1227866725434281
20255065785257
11918534263721
34862249558953
21895743292329
250052995990441
3383360487441321
6570960660480937
3392899609805737
250173255074729
4205155234890665
4184736960365481
88218628277161
120529667244969
3688255920817065
16705107794084777
143245749868726
213477055092918
126942054013110
1602542493063350
57166015322294
1746681595517110
796733613889718
525381875095734
296438643382454
33818572496578
47244648130
124558041881
317831570201
143245749925959
2800456116615239
126942054070343
421224623257671
1602542493120583
1294374294665287
1033652599928903
2852871897495623
2447126337042503
525381875152967
25868588400577
108671262900161
1430224486337
141733921144769
47250052647
23246042343577127
317832992295
57166015018349
30562987586925
1430224418157
878299337504109
796733613585773
296438643078509
109044924986733
167503817576
143245749868728
126942054013112
57166015322296
1746681595517112
296438643382456
525381875095736
1013419008563635
3530467206742
30068860502
115968206422
8297880905302
8363864695355108
19515072972149979
19512272653472987
317831876934
1825713288543354
1831155012107386
1840814393556090
383635070519851
47246346795
317829286443
15577851459134
47249716798
317832656446
352191482694
3539057216326
317831744326
1751212785809592
47245047992
53961970589962
47246123274
218162865283338
748617094834397
65446716325508
47249309316
44989782438914
71781788431362
36923833857026
134196253176834
419403556869772
1784009156089484
85899361432
47244655768
66623532711064
197568511128
115964565389
47248515313
317831454961
47249551658
1516883665052569
767403281791475
705259400007718
8211977670694
862180325134374
1276064848441554
234350596903659
167504597056
1670742282204
17437567225820
2800456116597504
47245292288
3122943736092749
143245749310419
44989782479827
36923833897939
134196253217747
3747401916305470
419403557326910
197569368126
115965784862
47246308126
2213673389514067
115964632403
47245155667
3539053567315
30068914532
47248783716
317831723364
85899436962
391022412653474
124554142626
1327145604912
3051350926219056
85899363313
168951128540145
115964134385
74702366196721
419403556932979
30068778151
317831586983
85899414940
57166014778780
30064840092
30588757151132
2022929665436
115964186012
51823075462556
296438642838940
1683665835129673
47245032265
47248132610
317831072258
167503747650
864078700501570
1294374294482694
862180325420806
2780789461184262
29158533459718
1033652599746310
33470680624902
1746681595391750
1187519803125510
36923834330886
140565690150662
97096326147846
33883001427283
168951132951891
115968546131
47249069395
30068617860
47248487044
317831426692
30562987732012
28174985915436
2051353690434604
309216170929196
1902460059184172
36923834297388
155340377615404
1683665835191340
25868588477484
33818572942380
284696202636332
1430224563244
16995186043948
5179309652634668
24842091293740
624346511371308
167504178220
33470680591404
26267779464621100
15913850264546348
140376711556140
141733921221676
106815837105196
744197573766188
281672545659948
19529216748588
115966333889
47246857153
124556268481
317829796801
1984274985656
115964211896
3530464899989
317829362581
143245749879984
126942054024368
57166015333552
1746681595528368
296438643393712
525381875106992
15577846602793
945756093766697
4077796570594492
352191777732
115968576452
47249099716
317832039364
115968138123
317831601035
143245749267945
57166014721513
30562987290089
796733613288937
317833644886
13365942912021
317832266773
29686818649925
47249340229
317832279877
298079326453103
1729458782223727
317833756015
625269929031854
3530467463825
47248986769
124558398097
317831926417
317831759686
143245749912553
2800456116601833
213477055136745
126942054056937
421224623244265
796733613933545
19529216951273
296438643426281
525381875139561
317831664990
47248839220
53961975369197
298079326539245
213477054530088
8211979671530
53961971308522
2147698398566378
124554113405
1187519803053610
241390046993291
115964173195
47249151829
317832091477
690519072207878
2659564009386716
317828199132
317828938871
108671262678755
1430224264931
19529216450275
11918534401763
44989783767470
168946834897326
71781789759918
36923835185582
134196254505390
4295998371
3530466466588
38671888882460
47247989532
124557400860
38517270059804
317830929180
115964120949
16995185594229
317832473831
44989782670182
36923834088294
134196253408102
47248734160
317831673808
250113125519222
30562987282294
28174985465718
1729458776051574
1227866725420918
3713776616476534
1677545506344822
6570960660467574
1294374293999478
29158532976502
4205155234877302
88218628263798
120529667231606
16705107794071414
173950470459254
624346510921590
167503728502
1085346825637750
88532160876406
3688788496748406
4469549126651766
15481596165492598
33470680141686
20255065771894
11918534250358
4170439014223734
21895743278966
3561361112043382
625269928890230
489626275702
99651831205750
250173255061366
4184736960352118
38517266714486
3688255920803702
1187519803053581
213477055326259
19529217140787
11918535092275
2055627182919061
21255793626517
419403556933013
439074506775890
30070545399
317833354231
115967835784
47247651239
1327144902257
47244648049
33470680145521
197568503409
3339727915441527
317829474623
8211979574391
317829684343
16789027163973
13365938705462
115964597302
47245120566
197568975926
2062915742422070
3349924167804605
30068486051
47248355235
317831294883
8211980530467
317830640419
47248465219
124557876547
99651831224994
1782127966002339
85905349795
317833583779
8211981606965
47248777269
317831716917
85903442176
115968213248
33470684233984
47248736512
317831676160
1114157470795013
8297879518410
317830282442
3553368178728901
6330782621637
47245467589
47248986670
317831926318
143245749265874
44989782435282
134196253173202
167503726514
16859705145812432
1417584020910612
41626823042524
47244649948
389330195476527
167503896744
1782127960027176
1677545506369576
173950470484008
624346510946344
19791209328680
28174985490472
4205155234902056
3688788496773160
15481596165517352
88218628288552
38517266739240
1227866725445672
124557087973
13041191455970533
8211981411846
317831521798
8211977864072
1692732511093640
87630218134408
383635069207432
47245034376
47246492326
317829431974
167504015485
168951128701200
766428324215056
298079320809094
29686814482054
1991460371570310
47245172358
317828112006
115968962104
317832425016
47246082693
317829022341
85899351704
30064776856
47244646040
197568501400
3539053057688
24842090845848
317832015402
575469783223139
47244774243
317831088125
167503784115
14907831501648
18829137458453
85900178709
352188151061
30065603861
115964949781
47245473045
124554884373
167503738060
483647677380576
124554164192
2844269077994201
47245302489
1984275189337
15577846681177
47244938841
3530467601894
85903830502
29686818434534
115968601574
47249124838
124558536166
317832064486
167503896719
167503774274
22192097983100
47246604924
11918536211068
1825713288546870
106815836676390
13365938250022
493921263910
383635068838182
197568520486
317831199058
85899801895
47245096231
317828035879
2214317634608617
156182190788108
317830990935
147983098218135
52286931895959
234350595540876
81604380556
3627967464867724
137335874258828
5296368985835404
71781788419980
1158296845158284
30067827292
47247696476
317830636124
